dN <- -(1458-1161)
dN
dt <- 8

IPA <- dN/dt
IPA

1458+IPA


INVOL <- 691.3-303
INVOL
INVOL/10
297/8
Mm <- 1-(1161/1458)**(1/(20-12))
Mm
(1/20-12)*(-297/1458)

1458*(1-Mm)**8

((17.4)**2)*(pi/40000)*152

INAB <- 57.5-36.52
INAB
dt <- 10

dN <- 1536-1384

INAB+3.6


152*(691.3/1536)

303/1536
0.1972656*152
383+29.98
